x <- 1001
y <- 200